$ANSIBLE_VAULT;1.1;AES256
62613739393330356364373230646262333766616633356137343338323661663763656337616465
6164356430326464643862306238653735623937656362310a323839396237363933663664653638
30626631616335306563616135336434303961333037666635613437663536343437373164666164
3464343861333561620a653536633964353439626136663266663966646335653566653134613530
35623335343061303733333539653034336432636262303065633133353961353038373936336137
35663431313235633862326466346439333730656139306562333530326663396332323638306633
31343737386365643135323432666339663837633661336331623035623133653133373961306162
32306462393539306131376231383764393933303166666662623865623061316430623564373234
61633561646335313239343334303964353266623461643734316537643366353664323432383236
33303262323362616563653939373164313331336334326166343431386331633938343038626130
38616635383533336263383836303065333733326236353030353730623164303138343236356237
35363334353733656565393832626435323035373830626630626238633864363139623964356364
65363934376431323661313230626365373564626434383937343738316434613031626562346661
61653563323632303162343562363063626533343362656433656365373034373933356362393731
35373463656532643132323836343565613137613264343830363431366633326432633964366130
32663334316139313632303937326263343464383865643639303638306531336263383831633563
39363065326538316133656566353765633639653733636637666335346564643234326164363931
37363266636537383063373832613835386364393665396333316232656162326261353864383833
38373237343933333237383234623663306665613935643537336362616135643837633165316366
36656536623830323463363566313834613562646533663233333066663635343332373066383166
65613465343931356361313035353734323463373165613531656635336561643566353762336133
65326465616162623232623037346166646465653464303062356361656232366236616431366334
34396263396433616333363263356161336262663333656565633630313763376638623161396533
34626362633862336463656561316531356137326138646133313266393034663738626163616331
37373063656633346233316565383636663535663861336232633261643038373161633339623039
38373833383332356436643535613030366537386665666639366235383039316233313738373366
62313435336138383339393538363865623532353834633962303735623561636163376533356138
65323834393739666535353737396462656366643736663962656465393634336365323831656164
63373431333262323962653936386663323239383635343534353364316333616634343064336165
32376238353236643534613165353964626461363661356333313132326665303164376462636361
30623432353066653336356537323235656463333461386236623534646561376336613864313366
35643565346431623333623739383161613038653339393764336464363933383631353665333034
63346163626164336136396131313932633135643461396337666565653666383966343739363730
30376664383932666664613432306137356533366265623732626637363762313637326133393734
35356239663164653430626330366363333663316630363935663831653839353838626536343430
62363462663831303238353533343733633532343261666432646563663864653938373465626165
64303165643463653864303065306435343332356639663933363735356333353731
